106.75910695043486
-60.873737105181284
-424.88638133917675
31.272763668906943
-303.9573226414279
112.42850838916031
-496.3500520410739
-351.49787065687883
421.5374857806073
0.20978517332180746
438.89955229876495
53.19877144687428
537.4116141394466
166.40003469402745
-72.87735131643544
-308.37986280427174
247.23681739143623
348.77458974377686
296.23214694896456
-124.4010646533781
160.77326280314952
-31.306904147157827
104.98556085125351
-73.04392239453975
-92.00687205587627
-39.02390117933922
-93.87355903786771
-79.75112657798972
3.6234126041290557
-55.28569567035881
38.05554443170228
50.28851770855418
-13.421040002865563
-111.17780470237912
81.12816912184192
50.32126529442154
-3.803012253330891
44.61786555347736
-136.71806762325375
-89.1935030013313
